0.0655797
0.0212134
0.0289434
0.0117833
0.00191621
0.0132695
0.00562351
0.0149758
0.0145054
0.00190299
0.00953724
0.00438518
0.0077934
0.00925371
0.00334495
0.00641382
0.00517931
0.00312335
0.0039741
0.0079534
0.00648832
0.00261071
0.00532897
0.0022919
0.0139175
0.00892801
0.0117346
0.0138753
0.00638995
0.00827411
0.0126779
0.0092064
0.0202793
0.00151826
0.014445
0.022986
0.00786341
0.00954245
0.000739314
0.029173
0.0314296
0.134155
0.162871
0.178564
0.200865
0.393796
0.246306
0.378416
0.751497
0.598012
13.8934
2.08961
1.11359
22.2264
1.66993
0.295447
0.653083
0.225421
0.330614
0.124483
0.00220641
0.247017
0.173095
0.087914
0.0313189
0.0740623
0.0208668
0.0019592
0.0560156
0.101563
0.0308021
0.0292147
0.0429683
0.0512725
0.0663873
0.0826225
0.0699174
0.0797086
0.0319768
0.0575027
0.0338244
0.0836278
0.101138
0.0427747
0.00612382
0.0406498
0.0168514
0.0389213
0.0187763
0.0355359
0.0368843
0.0667104
0.0712281
0.0492091
0.00254839
0.0130797
0.0138545
0.0153809
0.0190517
0.0401181
0.0283012
0.0158068
0.0510445
0.0372266
0.0319435
0.00693204
0.0199861
0.0415843
0.0239612
0.0168783
0.0610073
0.0609867
0.0301706
0.00949822
0.0125667
0.0102109
0.0667783
0.0287875
0.0274801
0.0754582
0.0848536
0.0356939
0.0365358
0.0598477
0.093001
0.0538808
0.0263316
0.169879
0.0055181
0.133106
0.11276
0.0748563
0.075185
0.0450864
0.0357503
0.0545059
0.0941955
0.27996
0.233945
0.0646016
0.166623
0.243911
0.123629
0.157215
0.0404931
0.295243
0.223804
0.014643
0.0686978
0.164544
