iter: 0
0.969685,0.1693,-0.244827
1.01422,0.286181,-0.0874326
1.03031,0.131836,0.036305
0.985785,0.00989196,-0.11293
iter: 1
0.972961,0.16325,-0.242588
1.01705,0.28313,-0.0882931
1.03276,0.131857,0.0382366
0.98867,0.007135,-0.107964
iter: 2
0.975793,0.157319,-0.240395
1.01944,0.28014,-0.0891354
1.03477,0.131878,0.0401296
0.991125,0.00442941,-0.103098
iter: 3
0.978194,0.151505,-0.238245
1.02138,0.277208,-0.0899602
1.03635,0.131901,0.0419846
0.993163,0.00177411,-0.0983282
iter: 4
0.980181,0.145804,-0.236139
1.0229,0.274334,-0.090768
1.03751,0.131925,0.0438025
0.994798,-0.000831938,-0.0936544
iter: 5
0.981768,0.140215,-0.234076
1.02401,0.271516,-0.0915593
1.03829,0.131949,0.0455839
0.996044,-0.00338972,-0.0890742
iter: 6
0.982973,0.134735,-0.232055
1.02473,0.268754,-0.0923347
1.03868,0.131974,0.0473295
0.996918,-0.0059002,-0.084586
iter: 7
0.983814,0.129363,-0.230075
1.02509,0.266046,-0.0930945
1.03871,0.131999,0.0490402
0.997437,-0.00836428,-0.080188
iter: 8
0.98431,0.124097,-0.228135
1.02509,0.263392,-0.0938393
1.0384,0.132024,0.0507165
0.997619,-0.0107829,-0.0758786
iter: 9
0.984478,0.118934,-0.226235
1.02477,0.26079,-0.0945694
1.03777,0.13205,0.0523591
0.99748,-0.0131568,-0.0716559
iter: 10
0.984337,0.113873,-0.224374
1.02413,0.258239,-0.0952853
1.03683,0.132076,0.0539687
0.99704,-0.0154869,-0.0675185
iter: 11
0.983908,0.108911,-0.22255
1.0232,0.255739,-0.0959872
1.03561,0.132101,0.0555459
0.996318,-0.0177739,-0.0634645
iter: 12
0.983208,0.104047,-0.220763
1.022,0.253289,-0.0966756
1.03412,0.132127,0.0570914
0.995331,-0.0200187,-0.0594925
iter: 13
0.982257,0.0992794,-0.219013
1.02055,0.250887,-0.0973508
1.03239,0.132153,0.0586058
0.994097,-0.0222219,-0.0556008
iter: 14
0.981072,0.0946058,-0.217299
1.01886,0.248532,-0.0980131
1.03042,0.132178,0.0600897
0.992635,-0.0243844,-0.0517879
iter: 15
0.979672,0.0900246,-0.21562
1.01696,0.246224,-0.0986628
1.02825,0.132204,0.0615438
0.990962,-0.0265068,-0.0480521
iter: 16
0.978073,0.085534,-0.213974
1.01486,0.243962,-0.0993003
1.02588,0.132229,0.0629686
0.989095,-0.0285898,-0.0443921
iter: 17
0.976292,0.0811323,-0.212363
1.01258,0.241746,-0.0999257
1.02334,0.132254,0.0643647
0.987051,-0.0306341,-0.0408062
iter: 18
0.974346,0.076818,-0.210784
1.01014,0.239573,-0.100539
1.02064,0.132279,0.0657327
0.984845,-0.0326405,-0.0372931
iter: 19
0.97225,0.0725892,-0.209237
1.00755,0.237443,-0.101142
1.01779,0.132304,0.0670731
0.982493,-0.0346094,-0.0338513
iter: 20
0.970019,0.0684444,-0.207721
1.00483,0.235356,-0.101733
1.01482,0.132328,0.0683866
0.98001,-0.0365416,-0.0304793
iter: 21
0.967666,0.064382,-0.206236
1.00198,0.233311,-0.102313
1.01173,0.132352,0.0696736
0.977408,-0.0384377,-0.0271757
iter: 22
0.965205,0.0604005,-0.204782
0.999036,0.231306,-0.102882
1.00853,0.132376,0.0709346
0.974702,-0.0402983,-0.0239393
iter: 23
0.962648,0.0564982,-0.203356
0.995995,0.229342,-0.103441
1.00525,0.1324,0.0721703
0.971903,-0.042124,-0.0207686
iter: 24
0.960007,0.0526737,-0.20196
0.992873,0.227417,-0.103989
1.00189,0.132423,0.0733811
0.969024,-0.0439155,-0.0176622
iter: 25
0.957293,0.0489256,-0.200592
0.989682,0.22553,-0.104528
0.998464,0.132447,0.0745676
0.966075,-0.0456733,-0.014619
iter: 26
0.954516,0.0452522,-0.199251
0.986431,0.223681,-0.105056
0.994981,0.13247,0.0757302
0.963067,-0.0473979,-0.0116376
iter: 27
0.951686,0.0416523,-0.197938
0.98313,0.221869,-0.105575
0.991452,0.132492,0.0768694
0.960009,-0.04909,-0.00871678
iter: 28
0.948812,0.0381243,-0.19665
0.979789,0.220094,-0.106084
0.987886,0.132515,0.0779856
0.956909,-0.0507502,-0.00585529
iter: 29
0.945902,0.034667,-0.195389
0.976415,0.218354,-0.106585
0.984291,0.132537,0.0790795
0.953778,-0.0523789,-0.00305193
iter: 30
0.942963,0.0312789,-0.194153
0.973017,0.216649,-0.107076
0.980674,0.132559,0.0801514
0.950621,-0.0539767,-0.000305522
iter: 31
0.940004,0.0279587,-0.192942
0.969601,0.214978,-0.107558
0.977044,0.13258,0.0812017
0.947446,-0.0555442,0.0023851
iter: 32
0.937029,0.0247051,-0.191755
0.966175,0.213341,-0.108031
0.973406,0.132602,0.082231
0.94426,-0.0570819,0.00502108
iter: 33
0.934046,0.0215168,-0.190591
0.962743,0.211737,-0.108496
0.969766,0.132623,0.0832396
0.941069,-0.0585904,0.00760353
iter: 34
0.931059,0.0183925,-0.189451
0.959312,0.210165,-0.108952
0.966131,0.132644,0.084228
0.937878,-0.06007,0.0101335
iter: 35
0.928075,0.015331,-0.188334
0.955887,0.208624,-0.1094
0.962504,0.132664,0.0851966
0.934692,-0.0615214,0.0126122
iter: 36
0.925096,0.012331,-0.187239
0.952472,0.207115,-0.10984
0.958891,0.132684,0.0861458
0.931515,-0.062945,0.0150405
iter: 37
0.922128,0.00939144,-0.186166
0.949072,0.205636,-0.110272
0.955297,0.132704,0.087076
0.928353,-0.0643413,0.0174196
iter: 38
0.919174,0.00651101,-0.185114
0.945689,0.204187,-0.110697
0.951723,0.132724,0.0879877
0.925208,-0.0657109,0.0197504
iter: 39
0.916237,0.00368859,-0.184082
0.942328,0.202767,-0.111114
0.948175,0.132743,0.0888811
0.922084,-0.0670541,0.0220339
iter: 40
0.913321,0.000923046,-0.183072
0.938992,0.201375,-0.111523
0.944655,0.132762,0.0897566
0.918985,-0.0683715,0.0242711
iter: 41
0.910429,-0.00178675,-0.182081
0.935683,0.200012,-0.111925
0.941166,0.13278,0.0906147
0.915912,-0.0696635,0.026463
iter: 42
0.907562,-0.00444191,-0.18111
0.932403,0.198675,-0.11232
0.937711,0.132799,0.0914557
0.912869,-0.0709306,0.0286104
iter: 43
0.904723,-0.00704349,-0.180158
0.929156,0.197366,-0.112707
0.93429,0.132817,0.09228
0.909857,-0.0721732,0.0307143
iter: 44
0.901914,-0.00959256,-0.179226
0.925943,0.196084,-0.113088
0.930908,0.132834,0.0930878
0.906879,-0.0733918,0.0327756
iter: 45
0.899136,-0.0120902,-0.178311
0.922765,0.194827,-0.113462
0.927564,0.132851,0.0938796
0.903936,-0.0745867,0.0347952
iter: 46
0.896391,-0.0145373,-0.177415
0.919623,0.193595,-0.11383
0.924261,0.132868,0.0946556
0.901029,-0.0757585,0.0367739
iter: 47
0.893681,-0.016935,-0.176536
0.916521,0.192388,-0.114191
0.921,0.132885,0.0954163
0.89816,-0.0769076,0.0387125
iter: 48
0.891005,-0.0192843,-0.175674
0.913457,0.191206,-0.114545
0.917782,0.132901,0.0961618
0.89533,-0.0780342,0.0406119
iter: 49
0.888366,-0.021586,-0.17483
0.910434,0.190047,-0.114893
0.914609,0.132917,0.0968926
0.89254,-0.079139,0.0424729
iter: 50
0.885764,-0.0238412,-0.174002
0.907452,0.188912,-0.115235
0.911479,0.132932,0.0976089
0.889791,-0.0802222,0.0442962
iter: 51
0.8832,-0.0260508,-0.173191
0.904512,0.187799,-0.115571
0.908395,0.132947,0.0983111
0.887083,-0.0812843,0.0460827
iter: 52
0.880673,-0.0282157,-0.172395
0.901614,0.186709,-0.115901
0.905357,0.132962,0.0989993
0.884417,-0.0823256,0.0478331
iter: 53
0.878185,-0.0303367,-0.171615
0.898759,0.185641,-0.116225
0.902366,0.132977,0.099674
0.881792,-0.0833466,0.0495481
iter: 54
0.875736,-0.0324149,-0.170851
0.895946,0.184595,-0.116544
0.899421,0.132991,0.100335
0.87921,-0.0843475,0.0512285
iter: 55
0.873326,-0.0344509,-0.170101
0.893177,0.183569,-0.116857
0.896522,0.133004,0.100984
0.876671,-0.0853288,0.052875
iter: 56
0.870955,-0.0364458,-0.169367
0.890451,0.182564,-0.117164
0.89367,0.133018,0.101619
0.874174,-0.0862909,0.0544882
iter: 57
0.868623,-0.0384002,-0.168646
0.887769,0.181579,-0.117466
0.890865,0.13303,0.102242
0.87172,-0.087234,0.0560689
iter: 58
0.866331,-0.0403151,-0.16794
0.885129,0.180615,-0.117762
0.888107,0.133043,0.102853
0.869309,-0.0881585,0.0576177
iter: 59
0.864077,-0.0421911,-0.167248
0.882533,0.179669,-0.118054
0.885396,0.133055,0.103452
0.866939,-0.0890649,0.0591353
iter: 60
0.861862,-0.0440292,-0.16657
0.87998,0.178743,-0.11834
0.882731,0.133067,0.104039
0.864612,-0.0899534,0.0606223
iter: 61
0.859685,-0.04583,-0.165905
0.87747,0.177835,-0.118621
0.880112,0.133078,0.104614
0.862327,-0.0908243,0.0620793
iter: 62
0.857547,-0.0475944,-0.165253
0.875002,0.176945,-0.118897
0.877539,0.13309,0.105178
0.860084,-0.091678,0.063507
iter: 63
0.855447,-0.049323,-0.164614
0.872577,0.176074,-0.119168
0.875011,0.1331,0.105732
0.857882,-0.0925148,0.0649059
iter: 64
0.853384,-0.0510165,-0.163987
0.870193,0.17522,-0.119435
0.872529,0.133111,0.106274
0.85572,-0.093335,0.0662766
iter: 65
0.851359,-0.0526758,-0.163373
0.867851,0.174383,-0.119697
0.870092,0.133121,0.106806
0.853599,-0.094139,0.0676198
iter: 66
0.849371,-0.0543014,-0.162771
0.865551,0.173562,-0.119954
0.867698,0.13313,0.107327
0.851518,-0.094927,0.0689359
iter: 67
0.847419,-0.0558941,-0.162181
0.863291,0.172759,-0.120206
0.865349,0.13314,0.107838
0.849477,-0.0956993,0.0702256
iter: 68
0.845503,-0.0574545,-0.161603
0.861072,0.171971,-0.120454
0.863043,0.133149,0.108339
0.847475,-0.0964563,0.0714893
iter: 69
0.843623,-0.0589833,-0.161036
0.858892,0.171199,-0.120698
0.86078,0.133158,0.10883
0.845511,-0.0971982,0.0727276
iter: 70
0.841778,-0.0604812,-0.16048
0.856752,0.170443,-0.120937
0.858559,0.133166,0.109312
0.843585,-0.0979253,0.073941
iter: 71
0.839967,-0.0619487,-0.159935
0.854651,0.169702,-0.121172
0.856381,0.133174,0.109784
0.841697,-0.0986379,0.07513
iter: 72
0.838191,-0.0633864,-0.159401
0.852589,0.168976,-0.121403
0.854243,0.133182,0.110247
0.839845,-0.0993363,0.0762952
iter: 73
0.836448,-0.0647951,-0.158878
0.850564,0.168264,-0.12163
0.852146,0.133189,0.110701
0.83803,-0.100021,0.0774369
iter: 74
0.834739,-0.0661752,-0.158365
0.848577,0.167567,-0.121853
0.850089,0.133197,0.111147
0.836251,-0.100692,0.0785557
iter: 75
0.833062,-0.0675274,-0.157862
0.846627,0.166883,-0.122071
0.848071,0.133204,0.111583
0.834506,-0.101349,0.079652
iter: 76
0.831417,-0.0688521,-0.15737
0.844713,0.166214,-0.122286
0.846093,0.13321,0.112011
0.832797,-0.101993,0.0807264
iter: 77
0.829804,-0.0701501,-0.156887
0.842835,0.165557,-0.122497
0.844153,0.133217,0.112431
0.831121,-0.102624,0.0817791
iter: 78
0.828221,-0.0714218,-0.156413
0.840993,0.164914,-0.122704
0.84225,0.133223,0.112842
0.829479,-0.103243,0.0828108
iter: 79
0.82667,-0.0726677,-0.155949
0.839185,0.164284,-0.122907
0.840385,0.133228,0.113246
0.827869,-0.103849,0.0838217
iter: 80
0.825148,-0.0738885,-0.155495
0.837412,0.163666,-0.123107
0.838556,0.133234,0.113641
0.826292,-0.104443,0.0848124
iter: 81
0.823656,-0.0750845,-0.155049
0.835672,0.163061,-0.123303
0.836763,0.133239,0.114029
0.824746,-0.105025,0.0857832
iter: 82
0.822192,-0.0762563,-0.154612
0.833966,0.162467,-0.123496
0.835005,0.133245,0.11441
0.823232,-0.105596,0.0867346
iter: 83
0.820758,-0.0774044,-0.154184
0.832292,0.161886,-0.123685
0.833282,0.13325,0.114782
0.821748,-0.106155,0.0876668
iter: 84
0.819351,-0.0785293,-0.153765
0.830651,0.161316,-0.12387
0.831594,0.133254,0.115148
0.820294,-0.106702,0.0885804
iter: 85
0.817972,-0.0796315,-0.153354
0.829041,0.160758,-0.124053
0.829938,0.133259,0.115507
0.818869,-0.107239,0.0894757
iter: 86
0.816619,-0.0807113,-0.152951
0.827462,0.160211,-0.124232
0.828316,0.133263,0.115858
0.817473,-0.107765,0.090353
iter: 87
0.815293,-0.0817693,-0.152556
0.825913,0.159674,-0.124407
0.826726,0.133267,0.116203
0.816106,-0.10828,0.0912128
iter: 88
0.813993,-0.082806,-0.152169
0.824395,0.159149,-0.12458
0.825168,0.133271,0.116541
0.814766,-0.108785,0.0920553
iter: 89
0.812719,-0.0838217,-0.15179
0.822906,0.158634,-0.124749
0.823641,0.133275,0.116872
0.813453,-0.10928,0.092881
iter: 90
0.811469,-0.0848168,-0.151419
0.821447,0.158129,-0.124915
0.822144,0.133278,0.117197
0.812167,-0.109764,0.0936901
iter: 91
0.810245,-0.0857919,-0.151055
0.820015,0.157634,-0.125078
0.820678,0.133282,0.117516
0.810907,-0.110239,0.094483
iter: 92
0.809044,-0.0867472,-0.150698
0.818612,0.157149,-0.125238
0.819241,0.133285,0.117828
0.809673,-0.110705,0.0952601
iter: 93
0.807867,-0.0876833,-0.150348
0.817236,0.156674,-0.125395
0.817833,0.133288,0.118134
0.808464,-0.111161,0.0960216
iter: 94
0.806713,-0.0886005,-0.150006
0.815887,0.156209,-0.125549
0.816453,0.133291,0.118435
0.807279,-0.111607,0.0967678
iter: 95
0.805582,-0.0894991,-0.14967
0.814565,0.155752,-0.1257
0.815102,0.133293,0.118729
0.806118,-0.112045,0.0974991
iter: 96
0.804473,-0.0903796,-0.149341
0.813269,0.155305,-0.125849
0.813777,0.133296,0.119018
0.804982,-0.112474,0.0982158
iter: 97
0.803386,-0.0912424,-0.149019
0.811998,0.154867,-0.125995
0.81248,0.133299,0.119301
0.803868,-0.112894,0.0989181
iter: 98
0.802321,-0.0920877,-0.148703
0.810753,0.154437,-0.126137
0.811209,0.133301,0.119578
0.802777,-0.113306,0.0996064
iter: 99
0.801277,-0.092916,-0.148393
0.809532,0.154016,-0.126278
0.809963,0.133303,0.11985
0.801708,-0.113709,0.100281
iter: 100
0.800253,-0.0937275,-0.14809
0.808335,0.153603,-0.126415
0.808743,0.133305,0.120117
0.800661,-0.114105,0.100942
iter: 101
0.79925,-0.0945227,-0.147793
0.807162,0.153199,-0.12655
0.807548,0.133307,0.120379
0.799635,-0.114492,0.10159
iter: 102
0.798266,-0.0953019,-0.147502
0.806013,0.152803,-0.126683
0.806377,0.133309,0.120635
0.79863,-0.114871,0.102224
iter: 103
0.797302,-0.0960654,-0.147217
0.804886,0.152414,-0.126813
0.80523,0.133311,0.120886
0.797646,-0.115243,0.102847
iter: 104
0.796358,-0.0968134,-0.146937
0.803782,0.152034,-0.126941
0.804106,0.133313,0.121133
0.796682,-0.115607,0.103456
iter: 105
0.795432,-0.0975464,-0.146663
0.802699,0.15166,-0.127066
0.803005,0.133314,0.121375
0.795737,-0.115964,0.104054
iter: 106
0.794524,-0.0982646,-0.146395
0.801638,0.151295,-0.127188
0.801926,0.133316,0.121611
0.794812,-0.116314,0.104639
iter: 107
0.793634,-0.0989684,-0.146132
0.800599,0.150936,-0.127309
0.80087,0.133317,0.121844
0.793905,-0.116657,0.105213
iter: 108
0.792762,-0.099658,-0.145874
0.79958,0.150585,-0.127427
0.799835,0.133319,0.122071
0.793017,-0.116992,0.105775
iter: 109
0.791908,-0.100334,-0.145622
0.798581,0.150241,-0.127543
0.798821,0.13332,0.122295
0.792147,-0.117321,0.106326
iter: 110
0.79107,-0.100996,-0.145374
0.797603,0.149904,-0.127657
0.797828,0.133321,0.122513
0.791295,-0.117644,0.106866
iter: 111
0.790249,-0.101644,-0.145132
0.796644,0.149573,-0.127768
0.796855,0.133322,0.122728
0.79046,-0.117959,0.107396
iter: 112
0.789444,-0.10228,-0.144894
0.795704,0.149249,-0.127878
0.795903,0.133323,0.122938
0.789642,-0.118269,0.107914
iter: 113
0.788656,-0.102903,-0.144661
0.794784,0.148931,-0.127985
0.794969,0.133324,0.123145
0.788841,-0.118572,0.108423
iter: 114
0.787883,-0.103513,-0.144433
0.793881,0.14862,-0.12809
0.794055,0.133325,0.123347
0.788056,-0.118869,0.108921
iter: 115
0.787125,-0.104111,-0.14421
0.792997,0.148315,-0.128193
0.793159,0.133326,0.123545
0.787287,-0.11916,0.109409
iter: 116
0.786383,-0.104698,-0.143991
0.79213,0.148016,-0.128295
0.792282,0.133327,0.123739
0.786534,-0.119445,0.109887
iter: 117
0.785655,-0.105272,-0.143777
0.791281,0.147723,-0.128394
0.791423,0.133328,0.12393
0.785796,-0.119724,0.110356
iter: 118
0.784942,-0.105834,-0.143566
0.790449,0.147436,-0.128491
0.790581,0.133329,0.124116
0.785073,-0.119998,0.110816
iter: 119
0.784243,-0.106386,-0.143361
0.789634,0.147154,-0.128587
0.789756,0.133329,0.124299
0.784365,-0.120266,0.111266
iter: 120
0.783558,-0.106926,-0.143159
0.788835,0.146878,-0.12868
0.788949,0.13333,0.124479
0.783671,-0.120529,0.111707
iter: 121
0.782887,-0.107456,-0.142961
0.788053,0.146608,-0.128772
0.788158,0.133331,0.124655
0.782992,-0.120786,0.11214
iter: 122
0.782229,-0.107974,-0.142767
0.787286,0.146343,-0.128862
0.787383,0.133331,0.124827
0.782326,-0.121039,0.112564
iter: 123
0.781584,-0.108483,-0.142578
0.786534,0.146083,-0.128951
0.786624,0.133332,0.124996
0.781673,-0.121286,0.112979
iter: 124
0.780952,-0.108981,-0.142392
0.785798,0.145829,-0.129037
0.78588,0.133332,0.125162
0.781034,-0.121528,0.113386
iter: 125
0.780333,-0.109469,-0.142209
0.785076,0.145579,-0.129122
0.785152,0.133333,0.125324
0.780408,-0.121765,0.113785
iter: 126
0.779726,-0.109947,-0.142031
0.784369,0.145335,-0.129205
0.784438,0.133333,0.125484
0.779795,-0.121998,0.114176
iter: 127
0.779131,-0.110416,-0.141856
0.783676,0.145095,-0.129287
0.78374,0.133334,0.12564
0.779194,-0.122226,0.114559
iter: 128
0.778548,-0.110875,-0.141685
0.782998,0.144861,-0.129367
0.783055,0.133334,0.125793
0.778605,-0.122449,0.114934
iter: 129
0.777976,-0.111325,-0.141517
0.782333,0.14463,-0.129446
0.782384,0.133334,0.125943
0.778028,-0.122668,0.115302
iter: 130
0.777416,-0.111766,-0.141352
0.781681,0.144405,-0.129522
0.781728,0.133335,0.12609
0.777463,-0.122882,0.115663
iter: 131
0.776868,-0.112199,-0.141191
0.781042,0.144184,-0.129598
0.781084,0.133335,0.126234
0.77691,-0.123092,0.116016
iter: 132
0.77633,-0.112622,-0.141033
0.780417,0.143967,-0.129672
0.780454,0.133335,0.126375
0.776367,-0.123298,0.116362
iter: 133
0.775803,-0.113037,-0.140878
0.779804,0.143755,-0.129744
0.779837,0.133336,0.126513
0.775836,-0.123499,0.116702
iter: 134
0.775286,-0.113444,-0.140726
0.779203,0.143547,-0.129816
0.779232,0.133336,0.126649
0.775315,-0.123697,0.117034
iter: 135
0.77478,-0.113842,-0.140578
0.778615,0.143343,-0.129885
0.77864,0.133336,0.126782
0.774805,-0.12389,0.11736
iter: 136
0.774284,-0.114233,-0.140432
0.778038,0.143143,-0.129954
0.77806,0.133336,0.126913
0.774305,-0.12408,0.11768
iter: 137
0.773798,-0.114615,-0.14029
0.777473,0.142947,-0.130021
0.777491,0.133337,0.12704
0.773816,-0.124266,0.117993
iter: 138
0.773322,-0.11499,-0.14015
0.77692,0.142755,-0.130086
0.776934,0.133337,0.127166
0.773336,-0.124448,0.1183
iter: 139
0.772855,-0.115358,-0.140013
0.776378,0.142567,-0.130151
0.776389,0.133337,0.127288
0.772866,-0.124626,0.1186
iter: 140
0.772397,-0.115718,-0.139879
0.775846,0.142383,-0.130214
0.775855,0.133337,0.127409
0.772406,-0.124801,0.118895
iter: 141
0.771949,-0.116071,-0.139747
0.775326,0.142202,-0.130276
0.775331,0.133337,0.127527
0.771955,-0.124972,0.119184
iter: 142
0.77151,-0.116416,-0.139618
0.774816,0.142025,-0.130337
0.774819,0.133337,0.127642
0.771513,-0.12514,0.119467
iter: 143
0.771079,-0.116755,-0.139492
0.774316,0.141851,-0.130396
0.774317,0.133337,0.127756
0.77108,-0.125305,0.119744
iter: 144
0.770657,-0.117087,-0.139368
0.773826,0.141681,-0.130455
0.773825,0.133337,0.127867
0.770655,-0.125466,0.120016
iter: 145
0.770243,-0.117413,-0.139247
0.773346,0.141514,-0.130512
0.773343,0.133338,0.127976
0.77024,-0.125624,0.120282
iter: 146
0.769838,-0.117731,-0.139128
0.772876,0.141351,-0.130568
0.772871,0.133338,0.128083
0.769832,-0.125778,0.120543
iter: 147
0.769441,-0.118044,-0.139012
0.772416,0.141191,-0.130623
0.772408,0.133338,0.128187
0.769433,-0.12593,0.120799
iter: 148
0.769052,-0.11835,-0.138898
0.771964,0.141034,-0.130677
0.771955,0.133338,0.12829
0.769042,-0.126078,0.121049
iter: 149
0.76867,-0.11865,-0.138786
0.771522,0.14088,-0.130729
0.771511,0.133338,0.12839
0.768659,-0.126224,0.121295
